00100100 10101110 01001001 10101110
10001110 01110111 00010111 11000000
00011100 01010001 01010110 01101001
10010110 10010010 11010010 00100000
00110101 00011000 10110000 10101011
00100111 10011110 11001110 10001110
00010101 10001000 10011001 00000010
11001000 00010101 10011110 11100001
11010101 10111011 01010110 10000101
01111101 00110001 00100110 10111111
00010111 01100100 01111111 00100000
00100110 10000010 00000001 11110100
11010100 11111011 00111101 00101100
00011101 00110111 11000011 01111100
00100110 11100110 00100001 00001110
10101001 01100111 00100110 00100100
11110000 01101111 00001011 00010100
11011100 11000011 01000110 00000111
10100101 01111011 01000110 11010100
10110110 01001011 01111011 10001010
01100000 11110101 01001000 00111100
00100011 11111101 10111110 11001101
11101100 00010100 11111011 00010101
11001110 11111000 11010011 00011110
01111001 11010000 11110101 11111011
01010110 01100010 11111011 01101100
00011010 11110010 00110000 00100010
11110010 01111110 01001000 01110001
10110111 01010010 10010001 01111011
00010110 01111001 01110111 11000101
10111010 11110001 00010011 11000001
11110100 00011000 11100001 01111101
00100101 10010001 11101111 00001001
00011001 11111111 11001101 10001100
01011100 10110011 10011001 01101110
11001000 11011010 01011011 11110011
01110011 00110000 11010111 10111011
10110001 11011111 10001100 00110000
11100110 11111001 11100101 00010000
11010110 11110000 11101110 10110000
10001011 11010010 01110011 11100011
00000111 11110001 10010110 10101100
11011101 10111110 01000111 10000001
00110011 01111010 00010100 01100111
01000101 11101010 01111011 11010010
00011010 00100110 11000110 00000101
00011110 11110111 00010011 11100111
11101001 11010100 00000011 01101010
10011110 01001011 01001011 01010000
01011111 01010001 11010110 01111001
00111010 01001011 00111011 00001101
10010001 01111101 01110100 01000010
01000100 10010001 00010110 00111111
10011110 00011100 00110100 11010011
01100101 11100111 11011101 11100100
01101110 00110101 00101100 01011111
10101110 00011110 01100101 00001010
01000011 10011101 10010011 10100001
11001111 11011000 01001111 00001110
10110011 01001100 01110101 00000110
11001011 10110000 10101011 11101110
11011100 10010001 11011100 00110000
00010011 10111111 00110110 01001010
11100010 01111101 00000001 00110000
01001011 10011111 11111001 00100101
00000110 10001101 01001010 00010111
01111010 00001110 10000111 10100011
10001000 00110101 11011100 11111110
01010010 00111100 11011100 00100000
01111001 01010001 01000111 11101101
00001101 10011101 11101101 01100010
00011100 11111101 00101110 11100010
01000111 10111111 00111001 01111001
00010011 00010101 00100000 10010011
01100111 00100100 00011000 01100000
01101001 10010110 01101010 00101111
10001111 11011111 00001101 10110011
00110011 11101011 00101000 11100100
10010001 10010111 00101001 10011100
11111000 11000100 01001001 11111100
00101101 00010111 01001010 00111000
11010000 01110001 00101000 11011111
10000111 11100010 10110000 11101101
00100101 10010111 10110111 10011001
01101100 11110000 10101101 11111010
00101001 01000111 00000100 00000010
11110001 11000100 00110010 00000101
01101100 01011001 00101110 10000010
11000010 11101000 01100100 10010111
00101101 11111101 00101100 00001010
01110110 10110101 00101010 10100001
11001101 01100101 01000100 10110100
10101010 11001000 01000001 10110011
01111000 10101101 11000011 01110101
11110011 11100111 00001100 11010001
10010000 10011101 00100110 10010011
01001101 10110101 11100011 11000000
11101110 00001111 11101011 10010101
11000001 10111001 01011001 00110110
00111100 11100000 10100010 10111011
11111111 00001111 11111111 11111111 
00010010 00110100 01010110 01111000 
11111111 11111111 00000000 00000000 
00000000 01110011 10000011 10110011
01000000 01110011 10000011 10110011
00000000 01110011 10010011 10110011
00000000 01110011 10100011 10110011
00000000 01110011 10110011 10110011
00000000 01110011 11000011 10110011
00000000 01110011 11010011 10110011
01000000 01110011 11010011 10110011
00000000 01110011 11100011 10110011
00000000 01110011 11110011 10110011
00000000 01000011 00000101 10000011
00000000 01000011 00010101 10000011
00000000 01000011 00100101 10000011
00000000 01000011 01000101 10000011
00000000 01000011 01010101 10000011
00000100 10000011 00001111 01100111
00000110 11110011 10000011 10010011
00000110 11110011 10100011 10010011
00000110 11110011 10110011 10010011
00000110 11110011 11000011 10010011
00000110 11110011 11100011 10010011
00000110 11110011 11110011 10010011
00000000 10110011 10010011 10010011
00000000 10110011 11010011 10010011
01000000 10110011 11010011 10010011
11111000 01100011 10001110 00100011
11111000 01100011 10011110 00100011
11111000 01100011 10101110 00100011
00000010 01110001 00000011 00110111
00000010 01110001 00000011 00010111
11111010 01110011 00001000 11100011
11111010 01110011 00010110 11100011
11111010 01110011 01000100 11100011
11111010 01110011 01010010 11100011
11111010 01110011 01100000 11100011
11111000 01110011 01111110 11100011
11111001 10011111 11110011 01101111
