00000001 11000000 00000000 11101111
00000000 00000000 00000000 00010011
00000000 00000000 00000000 00010011
00000000 00000000 00000000 00010011
00000000 00000000 00000000 00010011
00000000 00000000 00000000 00010011
00000000 10100000 00000001 00010011
00000000 00000000 00000000 00010011
00000011 01000000 10000001 11100111
00000000 00000000 00000000 00010011
00000000 00000000 00000000 00010011
00000000 00000000 00000000 00010011
00000000 00000000 00000000 00010011
00000001 01000000 00000010 00010011
00000000 10100000 00000010 10010011
