00000000 10100000 00000000 10010011
00000000 00010000 10000001 00010011
00000000 00010000 10000001 10110011
00000000 00010000 10000010 00110011
00000000 00010000 00100000 00100011
00000000 00000000 00100010 10000011
00000000 00000000 00100011 00000011
00000000 00000000 00100011 10000011
00000001 01000000 00000000 10010011
00000000 00100000 10000001 00010011
00000000 00100001 00000001 10110011
00000000 00110001 10000001 10110011
00000000 00010000 10100000 00100011
00000000 00000000 10000000 10010011
00000000 00000000 10100010 10000011
00000000 00000000 10100011 00000011
00000000 00000000 10100011 10000011
