00000000011100111000001110110011
01000000011100111000001110110011
00000000011100111001001110110011
00000000011100111010001110110011
00000000011100111011001110110011
00000000011100111100001110110011
00000000011100111101001110110011
01000000011100111101001110110011
00000000011100111110001110110011
00000000011100111111001110110011
00000000010000110000010110000011
00000000010000110001010110000011
00000000010000110010010110000011
00000000010000110100010110000011
00000000010000110101010110000011
11111001110000110000111101100111
00000110111100111000001110010011
00000110111100111010001110010011
00000110111100111011001110010011
00000110111100111100001110010011
00000110111100111110001110010011
00000110111100111111001110010011
00000000101100111001001110010011
00000000101100111101001110010011
01000000101100111101001110010011
11111000011000111000111000100011
11111000011000111001111000100011
11111000011000111010111000100011
00000010011100010000001100110111
00000010011100010000001100010111
11111010011100110000100011100011
11111010011100110001011011100011
11111010011100110100010011100011
11111010011100110101001011100011
11111010011100110110000011100011
11111000011100110111111011100011
11111001100111111111001101101111
