00000000000000000000001010010011
00000000010100000000010110010011
00000000000000000000001100010011
11111111111101011000001110010011
00000000011100110100010001100011
00000100010000000000000001101111
00000000000000000000111000010011
00000000001011100001111010010011
00000000010111101000111010110011
00000000000011101010111100000011
00000000010011101010111110000011
00000001111011111100100001100011
00000000000111100000111000010011
11111110011111100100010011100011
00000001100000000000000001101111
00000001111111101010000000100011
00000001111011101010001000100011
00000000000111100000111000010011
01000001110001011000001110110011
11111100011111100100100011100011
00000000000100110000001100010011
11111011100111111111000001101111
00000000000000000000000001101111
